width: 1000
height: 1000
center_x: -0.745428
center_y: 0.113009
radius_y: 0.00001
max_iterations: 2000
palette: {0, 0, 0, 0.0} {255, 0, 50, 0.8} {255, 210, 0, 1.0}
