width: 300
height: 300
center_x: -0.922332781037094703218
center_y: 0.310259835087457643758
height_y: 0.000000000000000002
max_iterations: 10000
palette: {0, 0, 0, 0.0} {255, 0, 50, 0.8} {255, 210, 0, 1.0}